170
8 85
70 80
91 100
83 38
64 46
39 74
27 88
82 88
65 7
32 70
29 24
32 49
27 11
78 20
82 61
61 70
22 50
9 85
94 17
1 72
26 9
43 15
89 97
59 2
73 71
40 55
90 21
53 52
70 6
38 90
98 5
23 55
81 84
61 89
97 10
11 91
48 28
57 3
79 90
4 15
97 12
35 6
99 51
2 8
97 7
81 59
18 71
85 44
84 90
20 66
78 59
56 69
25 63
66 40
27 69
42 21
49 37
93 60
69 60
18 49
100 85
13 66
7 90
45 23
5 61
78 96
72 84
100 28
9 8
31 16
94 74
35 45
98 28
41 40
74 79
28 68
16 65
88 75
68 10
65 23
96 100
7 49
26 95
42 82
18 57
50 90
80 77
79 98
8 62
40 13
12 67
6 30
59 14
17 9
44 65
0 28
26 61
96 0
5 85
96 95
56 68
0 74
35 60
5 31
47 83
85 92
8 71
8 57
18 43
86 5
77 22
21 71
52 59
43 50
44 86
32 95
2 80
82 44
5 49
73 16
87 92
96 27
18 5
100 34
12 85
2 14
80 64
29 14
1 87
38 64
70 47
31 4
72 14
8 74
59 15
25 52
95 38
63 84
43 14
40 53
47 90
61 59
68 84
67 26
35 35
52 2
17 78
53 65
78 31
62 13
97 25
35 13
94 75
96 94
76 36
5 60
16 51
71 60
44 36
72 83
90 86
72 79
71 44
63 18
52 24
80 43
77 30
78 6
59 17
27 51
